ambulance 0 179 (51, 26, 141); 80 (52, 26, 168); 248 (51, 31, 109); 207 (53, 32, 126); (49, 25)
ambulance 0 17 (51, 17, 89); 261 (44, 17, 71); 66 (45, 18, 110); (49, 25)
ambulance 0 283 (40, 23, 165); 51 (41, 28, 164); 153 (41, 36, 122); 260 (38, 36, 155); (49, 25)
ambulance 0 225 (78, 24, 159); (84, 26)
ambulance 1 270 (57, 28, 90); 85 (59, 32, 142); 138 (52, 33, 103); 148 (54, 39, 155); (49, 25)
ambulance 1 256 (49, 11, 134); 152 (52, 9, 144); 59 (47, 7, 154); 130 (42, 3, 162); (49, 25)
ambulance 2 167 (36, 26, 85); 201 (37, 17, 99); 200 (35, 16, 163); 47 (32, 15, 154); (49, 25)
ambulance 2 14 (45, 35, 109); (49, 25)
ambulance 2 171 (60, 19, 152); 124 (66, 28, 150); (49, 25)
ambulance 3 7 (64, 26, 75); 90 (72, 29, 120); 33 (72, 29, 126); 295 (73, 32, 110); (84, 26)
ambulance 3 290 (85, 26, 134); 94 (87, 22, 97); 292 (88, 19, 83); (84, 26)
ambulance 3 70 (79, 27, 149); 121 (78, 27, 143); 264 (79, 29, 157); 241 (86, 33, 147); (84, 26)
ambulance 3 182 (87, 34, 141); (84, 26)
ambulance 4 216 (43, 37, 89); 4 (38, 42, 94); 280 (34, 43, 133); 19 (31, 42, 107); (15, 32)
ambulance 4 277 (16, 31, 99); 233 (15, 34, 146); 18 (13, 33, 85); (15, 32)
ambulance 4 74 (11, 32, 126); 244 (9, 33, 124); 236 (1, 35, 140); (15, 32)
ambulance 4 266 (27, 30, 156); (15, 32)
ambulance 5 247 (28, 77, 95); 91 (29, 77, 137); 204 (29, 79, 165); 128 (27, 78, 139); (27, 77)
ambulance 5 192 (31, 76, 116); 131 (37, 74, 89); 21 (39, 68, 78); 262 (38, 60, 99); (27, 77)
ambulance 5 95 (27, 70, 115); 37 (28, 71, 102); 5 (24, 71, 111); (27, 77)
ambulance 5 217 (18, 76, 143); 239 (17, 74, 156); (27, 77)
ambulance 5 198 (22, 83, 158); (27, 77)
ambulance 6 36 (24, 84, 77); 78 (21, 84, 128); 141 (18, 90, 92); 75 (25, 90, 159); (27, 77)
ambulance 6 63 (36, 82, 143); 11 (36, 89, 133); 107 (38, 90, 115); 188 (35, 92, 132); (27, 77)
ambulance 6 185 (10, 72, 155); (27, 77)
ambulance 7 32 (26, 90, 105); 113 (31, 91, 133); 31 (29, 96, 130); 93 (29, 99, 82); (27, 77)
ambulance 7 202 (13, 73, 138); 169 (12, 72, 121); 22 (11, 66, 159); 54 (15, 66, 135); (27, 77)
ambulance 7 62 (26, 98, 167); (27, 77)
ambulance 8 172 (13, 74, 74); 101 (15, 69, 76); 132 (15, 67, 156); 53 (13, 67, 74); (27, 77)
ambulance 8 297 (22, 62, 101); (27, 77)
ambulance 8 173 (37, 96, 164); (27, 77)
ambulance 9 195 (42, 81, 72); 259 (40, 87, 80); 116 (39, 90, 75); (27, 77)
ambulance 9 10 (9, 82, 136); 15 (9, 86, 147); 64 (6, 84, 142); (27, 77)
ambulance 10 81 (28, 57, 89); 251 (23, 57, 93); 286 (21, 53, 118); 215 (17, 51, 165); (15, 32)
ambulance 10 240 (13, 27, 92); 208 (10, 29, 98); (15, 32)
ambulance 10 137 (14, 23, 136); 209 (7, 21, 152); (15, 32)
ambulance 11 158 (27, 100, 99); 269 (35, 99, 123); 298 (37, 96, 155); 279 (21, 95, 125); (27, 77)
ambulance 11 176 (51, 75, 148); 39 (58, 73, 162); 175 (70, 74, 157); (78, 75)
ambulance 12 117 (5, 78, 92); 193 (3, 83, 90); 257 (4, 89, 150); 96 (3, 91, 136); (27, 77)
ambulance 12 83 (54, 82, 153); (78, 75)
ambulance 13 135 (11, 86, 92); 234 (8, 89, 102); 140 (8, 94, 136); 76 (9, 98, 167); (27, 77)
ambulance 13 24 (33, 51, 167); 35 (39, 48, 167); (49, 25)
ambulance 14 151 (78, 79, 77); 157 (75, 85, 115); 238 (71, 87, 70); 250 (70, 87, 127); (78, 75)
ambulance 14 230 (75, 69, 156); 194 (74, 67, 96); 41 (74, 64, 82); (78, 75)
ambulance 14 115 (84, 71, 133); 119 (91, 71, 139); (78, 75)
ambulance 14 142 (78, 62, 153); (78, 75)
ambulance 15 223 (82, 70, 96); 210 (83, 63, 75); 127 (83, 51, 137); 109 (81, 52, 101); (78, 75)
ambulance 15 120 (74, 59, 110); (78, 75)
ambulance 15 191 (88, 91, 168); (78, 75)
ambulance 16 114 (94, 74, 79); 60 (91, 71, 91); 149 (98, 69, 89); 147 (97, 83, 131); (78, 75)
ambulance 16 177 (91, 83, 124); (78, 75)
ambulance 17 143 (90, 82, 91); 263 (91, 87, 83); 100 (95, 85, 93); 49 (95, 85, 142); (78, 75)
ambulance 17 42 (77, 96, 139); 46 (89, 97, 152); 73 (90, 98, 164); (78, 75)
ambulance 18 55 (65, 66, 105); 178 (65, 65, 124); 154 (64, 57, 100); 139 (65, 52, 124); (78, 75)
ambulance 18 134 (72, 58, 147); (78, 75)
ambulance 19 249 (80, 53, 130); 293 (75, 50, 123); 206 (70, 49, 136); 254 (70, 48, 102); (78, 75)
ambulance 19 118 (66, 87, 139); (78, 75)
ambulance 20 61 (23, 34, 137); 0 (24, 37, 72); 289 (30, 36, 122); 245 (28, 31, 89); (15, 32)
ambulance 20 12 (13, 42, 93); 229 (15, 45, 112); (15, 32)
ambulance 20 104 (24, 25, 157); 45 (26, 21, 129); (15, 32)
ambulance 21 3 (7, 39, 108); 6 (8, 42, 156); 20 (7, 48, 82); 183 (10, 51, 79); (15, 32)
ambulance 21 1 (1, 31, 95); (15, 32)
ambulance 21 8 (2, 23, 152); (15, 32)
ambulance 22 253 (24, 20, 96); 196 (24, 15, 146); 281 (26, 14, 143); 284 (28, 13, 72); (15, 32)
ambulance 22 155 (1, 18, 149); (15, 32)
ambulance 23 231 (29, 42, 88); 30 (31, 47, 77); (15, 32)
ambulance 23 99 (20, 7, 147); 275 (9, 6, 146); (15, 32)
ambulance 24 222 (21, 12, 96); 273 (25, 11, 133); 276 (30, 10, 148); 267 (34, 7, 155); (49, 25)
ambulance 24 219 (59, 41, 137); (49, 25)
ambulance 25 38 (8, 53, 93); 150 (9, 57, 128); 296 (10, 65, 104); 72 (18, 59, 129); (27, 77)
ambulance 26 105 (4, 9, 144); 203 (1, 8, 124); 106 (7, 3, 94); (15, 32)
ambulance 27 164 (22, 3, 119); 258 (33, 6, 163); 163 (35, 5, 123); 235 (36, 2, 139); (49, 25)
ambulance 27 168 (75, 17, 164); (84, 26)
ambulance 28 186 (8, 1, 122); 68 (39, 10, 121); (49, 25)
ambulance 29 170 (37, 57, 84); (27, 77)
ambulance 30 166 (51, 44, 90); 145 (58, 44, 135); (49, 25)
ambulance 30 84 (68, 16, 145); (84, 26)
ambulance 31 165 (82, 22, 90); 156 (80, 20, 77); 125 (82, 16, 139); 97 (86, 14, 161); (84, 26)
ambulance 31 13 (90, 23, 105); 67 (96, 20, 124); 133 (94, 17, 96); 98 (93, 13, 117); (84, 26)
ambulance 31 102 (80, 11, 140); (84, 26)
ambulance 32 88 (88, 17, 74); 27 (90, 12, 118); 285 (91, 11, 167); 161 (95, 12, 96); (84, 26)
ambulance 32 44 (72, 19, 139); 92 (69, 19, 126); 294 (65, 11, 140); (49, 25)
ambulance 33 226 (77, 14, 82); 282 (73, 14, 113); 52 (75, 7, 158); 48 (77, 2, 142); (84, 26)
ambulance 33 129 (88, 8, 155); 218 (100, 14, 164); (84, 26)
ambulance 34 69 (81, 42, 70); 184 (80, 42, 75); 271 (77, 42, 135); 110 (74, 45, 95); (84, 26)
ambulance 34 255 (96, 40, 124); (84, 26)
ambulance 35 29 (75, 36, 90); 220 (72, 40, 134); 232 (72, 44, 154); 265 (72, 45, 89); (84, 26)
ambulance 35 58 (88, 52, 166); 272 (91, 57, 143); (78, 75)
ambulance 36 213 (99, 32, 106); 144 (98, 37, 113); 103 (100, 39, 111); 108 (100, 41, 156); (84, 26)
ambulance 36 43 (70, 43, 141); (84, 26)
ambulance 37 242 (93, 39, 106); 189 (95, 50, 136); 180 (97, 51, 115); 227 (100, 53, 107); (84, 26)
ambulance 38 181 (91, 51, 116); 190 (89, 55, 134); 162 (98, 59, 122); 146 (69, 59, 122); (78, 75)
ambulance 39 214 (67, 10, 130); 299 (66, 4, 111); 28 (71, 2, 131); 288 (58, 4, 154); (49, 25)
ambulance 40 82 (73, 4, 73); (84, 26)

