hospitals 0 (48, 20); 1 (81, 72); 2 (85, 25); 3 (27, 77); 4 (17, 36)
ambulance 0 77 (47, 56, 79); 50 (50, 61, 99); 57 (55, 59, 159); 34 (57, 59, 123); (81, 72)
ambulance 0 223 (82, 70, 96); 115 (84, 71, 133); 119 (91, 71, 139); 60 (91, 71, 91); (81, 72)
ambulance 0 230 (75, 69, 156); 175 (70, 74, 157); 39 (58, 73, 162); (81, 72)
ambulance 1 224 (57, 57, 116); 287 (58, 53, 149); 268 (59, 53, 130); 139 (65, 52, 124); (81, 72)
ambulance 1 194 (74, 67, 96); (81, 72)
ambulance 1 142 (78, 62, 153); 134 (72, 58, 147); (81, 72)
ambulance 2 170 (37, 57, 84); 262 (38, 60, 99); 21 (39, 68, 78); 131 (37, 74, 89); (27, 77)
ambulance 2 247 (28, 77, 95); 91 (29, 77, 137); 204 (29, 79, 165); 128 (27, 78, 139); (27, 77)
ambulance 2 192 (31, 76, 116); 37 (28, 71, 102); 95 (27, 70, 115); 5 (24, 71, 111); (27, 77)
ambulance 2 217 (18, 76, 143); 239 (17, 74, 156); 198 (22, 83, 158); (27, 77)
ambulance 3 174 (53, 66, 121); 122 (57, 64, 143); 274 (58, 70, 123); 40 (54, 72, 87); (81, 72)
ambulance 3 157 (75, 85, 115); (81, 72)
ambulance 3 191 (88, 91, 168); (81, 72)
ambulance 4 166 (51, 44, 90); 145 (58, 44, 135); 219 (59, 41, 137); 123 (62, 43, 107); (48, 20)
ambulance 4 66 (45, 18, 110); 283 (40, 23, 165); (48, 20)
ambulance 4 179 (51, 26, 141); 80 (52, 26, 168); (48, 20)
ambulance 4 51 (41, 28, 164); (48, 20)
ambulance 5 16 (63, 50, 98); 206 (70, 49, 136); 254 (70, 48, 102); 265 (72, 45, 89); (85, 25)
ambulance 5 290 (85, 26, 134); 94 (87, 22, 97); 292 (88, 19, 83); (85, 25)
ambulance 5 13 (90, 23, 105); (85, 25)
ambulance 5 225 (78, 24, 159); 121 (78, 27, 143); 70 (79, 27, 149); 264 (79, 29, 157); (85, 25)
ambulance 5 241 (86, 33, 147); (85, 25)
ambulance 6 154 (64, 57, 100); 146 (69, 59, 122); 120 (74, 59, 110); 41 (74, 64, 82); (81, 72)
ambulance 6 151 (78, 79, 77); (81, 72)
ambulance 6 249 (80, 53, 130); 127 (83, 51, 137); (81, 72)
ambulance 7 43 (70, 43, 141); 232 (72, 44, 154); 110 (74, 45, 95); 293 (75, 50, 123); (81, 72)
ambulance 7 109 (81, 52, 101); (81, 72)
ambulance 7 58 (88, 52, 166); (81, 72)
ambulance 8 220 (72, 40, 134); 271 (77, 42, 135); 184 (80, 42, 75); 69 (81, 42, 70); (85, 25)
ambulance 8 165 (82, 22, 90); 156 (80, 20, 77); (85, 25)
ambulance 8 182 (87, 34, 141); 108 (100, 41, 156); (85, 25)
ambulance 9 148 (54, 39, 155); 207 (53, 32, 126); 138 (52, 33, 103); 248 (51, 31, 109); (48, 20)
ambulance 9 17 (51, 17, 89); 256 (49, 11, 134); 152 (52, 9, 144); (48, 20)
ambulance 9 171 (60, 19, 152); 84 (68, 16, 145); 168 (75, 17, 164); (85, 25)
ambulance 10 85 (59, 32, 142); 270 (57, 28, 90); 124 (66, 28, 150); 7 (64, 26, 75); (48, 20)
ambulance 10 201 (37, 17, 99); (48, 20)
ambulance 10 59 (47, 7, 154); 130 (42, 3, 162); (48, 20)
ambulance 11 178 (65, 65, 124); 55 (65, 66, 105); 136 (48, 69, 128); 65 (49, 73, 93); (27, 77)
ambulance 11 78 (21, 84, 128); 75 (25, 90, 159); (27, 77)
ambulance 11 62 (26, 98, 167); (27, 77)
ambulance 12 29 (75, 36, 90); 295 (73, 32, 110); 90 (72, 29, 120); 33 (72, 29, 126); (85, 25)
ambulance 12 125 (82, 16, 139); 97 (86, 14, 161); 27 (90, 12, 118); 285 (91, 11, 167); (85, 25)
ambulance 12 129 (88, 8, 155); (85, 25)
ambulance 13 35 (39, 48, 167); 4 (38, 42, 94); 280 (34, 43, 133); 19 (31, 42, 107); (17, 36)
ambulance 13 233 (15, 34, 146); 18 (13, 33, 85); (17, 36)
ambulance 13 277 (16, 31, 99); (17, 36)
ambulance 13 61 (23, 34, 137); 266 (27, 30, 156); (17, 36)
ambulance 13 215 (17, 51, 165); (17, 36)
ambulance 14 216 (43, 37, 89); 153 (41, 36, 122); 260 (38, 36, 155); 289 (30, 36, 122); (17, 36)
ambulance 14 74 (11, 32, 126); 244 (9, 33, 124); 3 (7, 39, 108); 6 (8, 42, 156); (17, 36)
ambulance 14 104 (24, 25, 157); (17, 36)
ambulance 15 24 (33, 51, 167); 30 (31, 47, 77); 231 (29, 42, 88); 0 (24, 37, 72); (17, 36)
ambulance 15 12 (13, 42, 93); 229 (15, 45, 112); (17, 36)
ambulance 15 137 (14, 23, 136); 209 (7, 21, 152); (17, 36)
ambulance 16 14 (45, 35, 109); 167 (36, 26, 85); 200 (35, 16, 163); 47 (32, 15, 154); (48, 20)
ambulance 16 68 (39, 10, 121); (48, 20)
ambulance 17 81 (28, 57, 89); 251 (23, 57, 93); 297 (22, 62, 101); 72 (18, 59, 129); (17, 36)
ambulance 17 236 (1, 35, 140); 8 (2, 23, 152); (17, 36)
ambulance 18 176 (51, 75, 148); 221 (53, 79, 122); 83 (54, 82, 153); 243 (48, 84, 98); (27, 77)
ambulance 18 63 (36, 82, 143); 11 (36, 89, 133); 188 (35, 92, 132); 113 (31, 91, 133); (27, 77)
ambulance 19 286 (21, 53, 118); 183 (10, 51, 79); 38 (8, 53, 93); 20 (7, 48, 82); (17, 36)
ambulance 19 45 (26, 21, 129); (48, 20)
ambulance 20 211 (48, 84, 136); 195 (42, 81, 72); (27, 77)
ambulance 20 32 (26, 90, 105); (27, 77)
ambulance 20 202 (13, 73, 138); (27, 77)
ambulance 21 261 (44, 17, 71); 278 (44, 9, 83); (48, 20)
ambulance 21 92 (69, 19, 126); 44 (72, 19, 139); (85, 25)
ambulance 22 259 (40, 87, 80); 116 (39, 90, 75); 107 (38, 90, 115); (27, 77)
ambulance 22 169 (12, 72, 121); (27, 77)
ambulance 23 245 (28, 31, 89); 253 (24, 20, 96); (17, 36)
ambulance 23 196 (24, 15, 146); (17, 36)
ambulance 24 190 (89, 55, 134); 272 (91, 57, 143); 181 (91, 51, 116); 189 (95, 50, 136); (85, 25)
ambulance 24 102 (80, 11, 140); (85, 25)
ambulance 25 150 (9, 57, 128); 296 (10, 65, 104); 22 (11, 66, 159); 54 (15, 66, 135); (27, 77)
ambulance 25 185 (10, 72, 155); 132 (15, 67, 156); (27, 77)
ambulance 26 210 (83, 63, 75); 149 (98, 69, 89); (81, 72)
ambulance 26 177 (91, 83, 124); (81, 72)
ambulance 27 180 (97, 51, 115); 227 (100, 53, 107); 79 (100, 56, 88); 162 (98, 59, 122); (81, 72)
ambulance 27 49 (95, 85, 142); (81, 72)
ambulance 28 242 (93, 39, 106); 255 (96, 40, 124); 144 (98, 37, 113); 103 (100, 39, 111); (85, 25)
ambulance 28 67 (96, 20, 124); (85, 25)
ambulance 29 118 (66, 87, 139); 250 (70, 87, 127); 2 (59, 88, 111); (81, 72)
ambulance 30 214 (67, 10, 130); 294 (65, 11, 140); 299 (66, 4, 111); 28 (71, 2, 131); (85, 25)
ambulance 30 218 (100, 14, 164); (85, 25)
ambulance 31 101 (15, 69, 76); 53 (13, 67, 74); 172 (13, 74, 74); (27, 77)
ambulance 31 31 (29, 96, 130); 298 (37, 96, 155); 173 (37, 96, 164); (27, 77)
ambulance 32 284 (28, 13, 72); (48, 20)
ambulance 32 25 (51, 1, 126); (48, 20)
ambulance 33 281 (26, 14, 143); 273 (25, 11, 133); 222 (21, 12, 96); 99 (20, 7, 147); (17, 36)
ambulance 34 276 (30, 10, 148); 267 (34, 7, 155); 258 (33, 6, 163); 163 (35, 5, 123); (48, 20)
ambulance 34 288 (58, 4, 154); (48, 20)
ambulance 35 240 (13, 27, 92); 208 (10, 29, 98); 1 (1, 31, 95); (17, 36)
ambulance 36 36 (24, 84, 77); (27, 77)
ambulance 36 10 (9, 82, 136); 15 (9, 86, 147); 64 (6, 84, 142); 257 (4, 89, 150); (27, 77)
ambulance 37 235 (36, 2, 139); 86 (49, 3, 90); (48, 20)
ambulance 37 52 (75, 7, 158); (85, 25)
ambulance 38 93 (29, 99, 82); 158 (27, 100, 99); (27, 77)
ambulance 38 76 (9, 98, 167); (27, 77)
