58 246 146
12 154 88
111 70 168
64 243 91
38 149 139
121 51 160
82 210 83
66 198 82
19 117 76
79 287 154
102 21 138
74 49 80
64 64 108
51 167 94
123 55 78
69 11 72
117 28 159
105 23 110
37 143 121
80 50 114
77 286 76
79 198 167
16 251 160
80 200 143
49 268 140
78 8 159
94 215 147
20 99 156
17 103 140
81 38 128
72 281 96
9 234 133
53 263 112
118 42 97
43 131 85
85 274 167
48 253 120
82 57 147
42 21 77
66 241 72
73 19 143
27 142 136
49 127 86
81 259 127
71 242 155
78 50 138
30 263 92
116 29 102
63 32 121
80 232 163
84 257 159
34 138 131
58 297 151
44 48 106
26 257 113
38 252 128
77 28 152
44 273 108
59 165 138
74 223 126
61 284 148
38 144 78
37 64 105
69 59 126
100 46 87
48 250 89
49 278 154
19 145 169
79 37 76
74 205 162
63 208 81
15 244 128
37 248 74
23 249 72
37 274 91
108 63 113
14 133 95
17 166 86
73 60 141
52 264 126
76 5 88
86 29 143
77 43 165
46 270 135
40 140 143
75 25 144
47 138 152
75 218 134
54 144 95
46 293 120
61 238 120
75 218 103
6 256 120
50 254 111
100 18 141
86 220 70
9 141 166
68 278 161
52 97 119
22 237 124
27 170 160
36 253 145
107 41 152
47 278 136
82 242 150
39 253 84
95 42 73
34 105 152
79 271 161
21 132 85
81 6 86
81 38 142
54 280 77
35 120 148
96 213 159
81 278 118
23 110 101
63 283 98
62 243 90
94 16 132
22 277 153
118 69 163
83 217 101
102 41 79
84 240 120
16 107 106
60 240 145
65 59 83
12 99 110
78 258 109
84 46 148
77 259 81
29 137 139
55 270 126
11 128 93
83 273 83
63 274 122
52 129 81
91 40 114
59 255 138
67 251 111
63 41 113
51 274 103
46 262 158
97 11 71
94 197 104
78 51 71
77 32 156
29 142 143
68 45 96
41 44 102
40 172 108
105 40 153
40 278 102
59 30 100
33 134 162
83 256 146
54 235 100
47 270 122
14 151 156
72 251 126
62 238 161
60 287 89
66 30 117
40 106 109
90 22 80
18 259 158
81 6 75
39 259 156
53 271 105
53 22 86
54 232 129
58 234 156
77 43 98
42 151 114
43 135 99
15 264 76
33 248 122
92 25 168
46 281 97
58 266 111
53 269 126
91 229 80
81 213 139
58 39 75
16 160 79
78 282 100
119 51 78
64 215 164
63 55 112
64 226 83
51 41 83
10 140 92
26 107 82
90 25 80
29 245 122
57 50 122
50 263 73
8 120 105
17 152 95
75 236 71
46 126 88
90 43 119
54 276 80
83 244 101
120 26 134
80 246 131
55 282 165
55 3 73
60 281 93
78 273 70
63 298 128
50 287 76
82 196 107
76 30 93
35 116 77
82 64 133
14 244 71
83 65 162
100 48 78
12 130 105
30 138 82
32 124 159
24 133 114
77 53 78
92 40 132
90 28 120
73 293 82
18 263 100
98 37 76
63 226 108
72 259 80
71 212 169
51 126 102
46 160 120
97 224 157
100 49 159
66 17 140
37 277 144
44 258 100
22 240 98
86 42 95
68 27 141
41 291 126
79 244 108
49 136 93
84 18 97
93 238 77
70 34 127
42 275 123
9 256 143
85 48 146
29 174 139
100 42 141
61 167 95
93 28 158
120 52 101
22 130 146
59 272 164
17 138 119
47 144 110
21 147 144
36 120 82
63 205 84
26 242 134
70 284 164
78 38 124
100 41 157
10 145 116
72 9 160
82 36 92
54 32 95
80 26 105
59 26 75
18 108 118
77 11 114
89 24 165
59 211 108
63 284 150
43 52 148
88 240 168
57 294 87
63 224 159
19 174 80
122 66 94
95 245 78
11 236 116
99 42 90
14 134 169
66 259 121
55 250 97
44 119 142
27 167 123
71 229 137
42 254 128
95 209 118
95 240 160
53 122 157
69 240 82
30 275 141
66 228 6
64 52 8
92 40 10
30 136 6
51 268 7
