hospitals 0 (48, 53); 1 (67, 50); 2 (31, 49); 3 (49, 56); 4 (63, 47)
ambulance 0 268 (59, 53, 130); 287 (58, 53, 149); 16 (63, 50, 98); 139 (65, 52, 124); (67, 50)
ambulance 0 123 (62, 43, 107); 145 (58, 44, 135); 219 (59, 41, 137); (63, 47)
ambulance 1 77 (47, 56, 79); 50 (50, 61, 99); 34 (57, 59, 123); 224 (57, 57, 116); (49, 56)
ambulance 1 154 (64, 57, 100); 57 (55, 59, 159); 122 (57, 64, 143); (49, 56)
ambulance 2 262 (38, 60, 99); 21 (39, 68, 78); 65 (49, 73, 93); 40 (54, 72, 87); (49, 56)
ambulance 2 174 (53, 66, 121); 136 (48, 69, 128); (49, 56)
ambulance 3 170 (37, 57, 84); 81 (28, 57, 89); 30 (31, 47, 77); 280 (34, 43, 133); (31, 49)
ambulance 3 24 (33, 51, 167); 4 (38, 42, 94); (31, 49)
ambulance 3 35 (39, 48, 167); (31, 49)
ambulance 4 216 (43, 37, 89); 153 (41, 36, 122); 14 (45, 35, 109); 138 (52, 33, 103); (48, 53)
ambulance 4 207 (53, 32, 126); 148 (54, 39, 155); (63, 47)
ambulance 5 38 (8, 53, 93); (31, 49)
ambulance 5 215 (17, 51, 165); (31, 49)
ambulance 6 97 (86, 14, 161); 285 (91, 11, 167); (67, 50)
ambulance 7 192 (31, 76, 116); 204 (29, 79, 165); (31, 49)
ambulance 8 5 (24, 71, 111); 128 (27, 78, 139); 91 (29, 77, 137); (31, 49)
ambulance 9 157 (75, 85, 115); (67, 50)
ambulance 10 125 (82, 16, 139); 102 (80, 11, 140); 52 (75, 7, 158); 48 (77, 2, 142); (67, 50)
ambulance 11 167 (36, 26, 85); (31, 49)
ambulance 12 119 (91, 71, 139); 177 (91, 83, 124); (67, 50)
ambulance 13 13 (90, 23, 105); (67, 50)
ambulance 14 256 (49, 11, 134); 152 (52, 9, 144); 59 (47, 7, 154); 68 (39, 10, 121); (31, 49)
ambulance 15 53 (13, 67, 74); (31, 49)
ambulance 15 22 (11, 66, 159); (31, 49)
ambulance 16 47 (32, 15, 154); 276 (30, 10, 148); 267 (34, 7, 155); 163 (35, 5, 123); (31, 49)
ambulance 17 99 (20, 7, 147); 275 (9, 6, 146); 186 (8, 1, 122); (31, 49)
ambulance 18 253 (24, 20, 96); 45 (26, 21, 129); 281 (26, 14, 143); 196 (24, 15, 146); (31, 49)
ambulance 19 113 (31, 91, 133); 188 (35, 92, 132); 11 (36, 89, 133); 269 (35, 99, 123); (31, 49)
ambulance 20 32 (26, 90, 105); 75 (25, 90, 159); (31, 49)
ambulance 21 164 (22, 3, 119); (31, 49)
ambulance 22 78 (21, 84, 128); 198 (22, 83, 158); (31, 49)
ambulance 23 64 (6, 84, 142); 15 (9, 86, 147); (31, 49)
ambulance 24 217 (18, 76, 143); 239 (17, 74, 156); 10 (9, 82, 136); (31, 49)
ambulance 25 18 (13, 33, 85); 74 (11, 32, 126); (31, 49)
ambulance 26 270 (57, 28, 90); 85 (59, 32, 142); 179 (51, 26, 141); (48, 53)
ambulance 26 260 (38, 36, 155); (31, 49)
ambulance 27 195 (42, 81, 72); (49, 56)
ambulance 27 221 (53, 79, 122); (49, 56)
ambulance 28 251 (23, 57, 93); 297 (22, 62, 101); 72 (18, 59, 129); 286 (21, 53, 118); (31, 49)
ambulance 28 231 (29, 42, 88); (31, 49)
ambulance 29 41 (74, 64, 82); 120 (74, 59, 110); 134 (72, 58, 147); 146 (69, 59, 122); (67, 50)
ambulance 29 293 (75, 50, 123); 249 (80, 53, 130); 142 (78, 62, 153); (67, 50)
ambulance 30 254 (70, 48, 102); 265 (72, 45, 89); 110 (74, 45, 95); 232 (72, 44, 154); (67, 50)
ambulance 30 109 (81, 52, 101); (67, 50)
ambulance 30 43 (70, 43, 141); (67, 50)
ambulance 31 7 (64, 26, 75); 171 (60, 19, 152); (63, 47)
ambulance 31 283 (40, 23, 165); (31, 49)
ambulance 32 181 (91, 51, 116); 180 (97, 51, 115); 189 (95, 50, 136); 227 (100, 53, 107); (67, 50)
ambulance 32 58 (88, 52, 166); (67, 50)
ambulance 33 242 (93, 39, 106); 255 (96, 40, 124); 103 (100, 39, 111); 108 (100, 41, 156); (67, 50)
ambulance 34 210 (83, 63, 75); (67, 50)
ambulance 34 230 (75, 69, 156); 175 (70, 74, 157); (67, 50)
ambulance 35 69 (81, 42, 70); 184 (80, 42, 75); 271 (77, 42, 135); 29 (75, 36, 90); (67, 50)
ambulance 35 220 (72, 40, 134); 264 (79, 29, 157); (67, 50)
ambulance 36 90 (72, 29, 120); 33 (72, 29, 126); 121 (78, 27, 143); 225 (78, 24, 159); (67, 50)
ambulance 37 295 (73, 32, 110); 124 (66, 28, 150); 127 (83, 51, 137); (67, 50)
ambulance 38 92 (69, 19, 126); 84 (68, 16, 145); 282 (73, 14, 113); 214 (67, 10, 130); (67, 50)
