1 -6 1 1 3 -11
1 -3 6 2 3 -23
1 2 2 1 13 -17
1 -15 1 2 1 -31
1 1 3 1 13 -25
1 -2 8 2 21 -33
1 0 4 1 33 -29
1 -9 5 2 3 -69
1 5 5 1 43 -39
1 -8 7 2 8 -88
1 4 6 1 50 -58
1 -7 9 2 14 -112
1 3 7 1 56 -84
1 -14 2 2 34 -110
1 -1 8 1 50 -110
1 -13 4 2 10 -158
1 8 9 1 109 -77
1 -12 12 2 1 -209
1 7 10 1 101 -129
1 -11 10 2 21 -229
1 10 11 1 164 -108
1 -10 11 2 87 -207
1 6 12 1 195 -123
1 -5 3 2 189 -135
2 -6 1 1 192 -130
2 5 5 2 152 -160
2 -4 3 1 155 -151
2 3 7 2 113 -179
2 6 12 1 5 -263
2 -7 9 2 41 -209
2 -1 8 1 25 -209
2 0 4 2 13 -213
2 2 2 1 3 -219
2 -8 7 2 38 -170
2 1 3 1 26 -176
2 -9 5 2 56 -136
2 4 6 1 14 -166
2 -3 6 2 14 -154
2 0.73 2.04