0
964
275
193
521
473
325
304
41
134
662
725
910
42
636
923
47
59
917
693
211
438
5
507
201
111
481
484
229
864
410
137
503
23
443
743
159
312
305
215
40
495
747
273
296
690
101
991
121
992
163
717
45
396
924
862
494
88
745
647
303
181
742
823
38
959
941
293
705
169
76
687
903
790
313
372
200
842
545
324
753
190
978
11
716
129
61
620
269
263
722
828
32
640
816
520
704
791
247
970
499
419
617
498
929
79
230
798
70
310
531
674
930
571
584
476
607
756
898
973
633
942
759
445
658
426
587
558
632
711
893
136
908
553
580
683
539
34
100
343
103
354
207
987
968
516
249
846
128
117
386
989
151
52
82
894
589
84
848
282
721
876
585
85
708
902
537
143
258
583
775
762
265
385
234
526
403
691
656
423
707
706
314
821
284
651
986
508
572
256
491
606
332
144
228
505
659
726
319
566
663
697
221
780
311
466
160
696
501
568
695
618
778
570
94
170
919
735
971
969
485
78
317
623
858
865
794
440
887
713
901
634
26
835
358
650
92
888
33
166
226
622
378
799
402
480
238
514
914
677
231
173
205
655
653
667
833
131
935
853
801
39
63
297
17
688
148
569
666
12
411
741
179
342
918
418
135
138
771
890
850
897
792
884
654
251
943
222
749
966
309
720
264
682
300
254
866
278
107
832
298
719
196
203
727
981
98
772
689
872
805
909
397
384
648
439
344
565
225
348
404
286
454
115
960
9
757
764
429
899
299
302
442
387
958
416
323
361
672
861
182
468
807
371
479
280
542
988
268
49
73
456
770
178
605
578
356
785
661
370
670
751
208
628
474
162
668
836
18
246
127
540
985
306
349
124
392
611
394
453
150
25
287
700
204
597
16
277
436
118
220
270
598
326
243
83
422
673
435
886
31
549
260
875
732
856
624
472
961
517
54
990
339
604
447
630
906
245
567
292
776
900
366
834
165
140
191
603
14
290
449
448
905
420
112
285
486
581
645
87
845
337
703
601
174
643
490
441
35
198
244
880
675
379
141
172
965
458
257
180
362
882
192
854
763
784
253
563
839
139
232
877
590
984
188
51
412
155
518
678
145
999
218
817
694
610
478
271
407
519
216
980
185
838
874
614
789
892
809
837
266
415
977
804
22
599
97
463
685
175
30
755
993
500
649
373
74
550
57
333
976
740
223
975
496
399
167
738
714
320
364
737
46
457
525
209
533
217
132
752
746
619
782
433
338
80
786
227
730
613
907
859
152
830
391
369
765
940
554
164
754
736
548
233
184
621
997
626
676
424
728
952
504
951
346
206
60
413
925
259
768
351
827
629
108
781
642
482
123
104
671
186
66
509
527
950
335
681
983
492
464
336
595
538
544
321
506
465
885
669
515
945
428
199
588
729
631
219
388
779
276
536
793
608
400
660
72
701
820
318
800
242
328
322
470
814
29
574
948
644
635
427
301
236
451
954
698
802
96
462
955
89
881
158
187
28
334
50
562
432
904
405
788
702
357
806
575
826
69
116
612
64
13
921
262
873
625
927
758
733
156
487
979
248
641
171
926
122
879
24
475
168
341
974
43
891
477
932
723
7
255
55
350
56
813
197
586
114
154
769
766
414
68
279
734
559
444
133
4
20
6
953
367
113
67
646
573
295
291
840
871
147
434
947
126
692
90
913
102
360
963
962
591
803
110
547
327
120
841
467
750
130
593
283
119
819
594
471
330
844
437
546
596
847
376
857
352
316
93
71
510
665
288
530
329
972
829
99
239
810
331
345
250
731
944
62
368
195
149
824
995
896
252
808
261
639
125
684
289
637
281
214
602
91
878
934
395
460
957
849
710
483
77
493
699
21
210
783
936
340
912
709
489
19
417
524
355
774
157
267
81
8
44
389
748
928
863
213
825
767
773
347
657
724
831
161
867
811
815
541
511
822
240
796
452
48
450
627
142
529
237
797
551
869
183
408
579
212
109
2
922
600
146
409
390
241
431
497
592
931
712
461
194
552
535
189
555
513
272
744
582
393
543
852
761
177
75
58
532
615
795
843
718
359
679
153
307
946
818
459
522
933
652
202
638
868
967
680
294
883
469
911
406
488
374
235
446
36
53
363
353
937
577
889
425
920
916
375
430
560
939
3
760
664
381
556
739
855
308
377
105
455
982
938
851
95
65
10
996
860
315
564
37
383
421
895
27
686
380
994
715
1
86
812
176
528
949
956
224
609
502
523
15
557
365
274
616
382
870
777
398
534
106
576
998
787
561
915
512
401
